0 8 0  4 0 2  0 6 0
0 3 4  0 0 0  9 1 0
9 6 0  0 0 0  0 8 4

0 0 0  2 1 6  0 0 0
0 0 0  0 0 0  0 0 0
0 0 0  3 5 7  0 0 0

8 4 0  0 0 0  0 7 5
0 2 6  0 0 0  1 3 0
0 9 0  7 0 1  0 4 0

-------------------------
|   8   | 4   2 |   6   |
|   3 4 |       | 9 1   |
| 9 6   |       |   8 4 |
-------------------------
|       | 2 1 6 |       |
|       |       |       |
|       | 3 5 7 |       |
-------------------------
| 8 4   |       |   7 5 |
|   2 6 |       | 1 3   |
|   9   | 7   1 |   4   |
-------------------------